1.570000000000000062e+00
3.120000000000000107e+00
4.780000000000000249e+00
6.419999999999999929e+00
8.029999999999999361e+00
9.669999999999999929e+00
1.130000000000000071e+01
1.290000000000000036e+01
1.457000000000000028e+01
1.612999999999999901e+01
1.779999999999999716e+01
1.943999999999999773e+01
2.103999999999999915e+01
2.271000000000000085e+01
2.422000000000000242e+01
2.582000000000000384e+01
2.743000000000000327e+01
2.900000000000000355e+01
3.058000000000000540e+01
3.218000000000000682e+01
3.379000000000000625e+01
3.536000000000000654e+01
3.700000000000000711e+01
3.848000000000000398e+01
4.007000000000000739e+01
4.163000000000000966e+01
4.320000000000000995e+01
4.482000000000000739e+01
4.638000000000000966e+01
4.803000000000000824e+01
4.964000000000000767e+01
5.126000000000000512e+01
5.122000000000000597e+01
5.115000000000000568e+01
5.120000000000000284e+01
5.123000000000000398e+01
5.135000000000000142e+01
5.135999999999999943e+01
5.295000000000000284e+01
5.310999999999999943e+01
5.471000000000000085e+01
5.632999999999999829e+01
5.792999999999999972e+01
5.952000000000000313e+01
6.109000000000000341e+01
6.263000000000000256e+01
6.415999999999999659e+01
6.576999999999999602e+01
6.732999999999999829e+01
6.889999999999999147e+01
7.056999999999999318e+01
7.222999999999998977e+01
7.376999999999999602e+01
7.436999999999999034e+01
7.492999999999999261e+01
7.550999999999999091e+01
7.610999999999998522e+01
7.669999999999998863e+01
7.728999999999999204e+01
7.789999999999999147e+01
7.788999999999998636e+01
7.941999999999998749e+01
8.010999999999998522e+01
8.073999999999998067e+01
8.134999999999998010e+01
8.185999999999998522e+01
8.248999999999998067e+01
8.278999999999997783e+01
8.302999999999997272e+01
8.363999999999997215e+01
8.430999999999997385e+01
8.487999999999996703e+01
8.487999999999996703e+01
8.489999999999996305e+01
8.658999999999996078e+01
8.646999999999995623e+01
8.653999999999994941e+01
8.649999999999994316e+01
8.650999999999994827e+01
8.662999999999995282e+01
8.673999999999995225e+01
8.674999999999995737e+01
8.668999999999995509e+01
8.667999999999994998e+01
8.684999999999995168e+01
8.686999999999994770e+01
8.680999999999994543e+01
8.674999999999994316e+01
8.666999999999994486e+01
8.661999999999994770e+01
8.665999999999995396e+01
8.662999999999995282e+01
8.668999999999995509e+01
8.662999999999995282e+01
8.659999999999995168e+01
8.658999999999994657e+01
8.655999999999994543e+01
8.659999999999995168e+01
8.654999999999995453e+01
8.658999999999996078e+01
8.650999999999996248e+01
8.662999999999996703e+01
8.664999999999996305e+01
8.669999999999996021e+01
8.663999999999995794e+01
8.666999999999995907e+01
8.668999999999995509e+01
8.661999999999996191e+01
8.656999999999996476e+01
8.654999999999996874e+01
8.648999999999996646e+01
8.652999999999997272e+01
8.654999999999996874e+01
8.659999999999996589e+01
8.655999999999995964e+01
8.657999999999995566e+01
8.652999999999995850e+01
8.653999999999996362e+01
8.668999999999996930e+01
8.663999999999997215e+01
8.665999999999996817e+01
8.661999999999996191e+01
8.673999999999996646e+01
8.679999999999996874e+01
8.681999999999996476e+01
8.683999999999996078e+01
8.687999999999996703e+01
8.682999999999996987e+01
8.690999999999996817e+01
8.685999999999997101e+01
8.688999999999997215e+01
8.681999999999997897e+01
8.683999999999997499e+01
8.666999999999997328e+01
8.679999999999996874e+01
8.671999999999997044e+01
8.671999999999997044e+01
8.681999999999996476e+01
8.677999999999995850e+01
8.671999999999995623e+01
8.674999999999995737e+01
8.674999999999995737e+01
8.669999999999996021e+01
8.680999999999995964e+01
8.675999999999996248e+01
8.671999999999995623e+01
8.668999999999995509e+01
8.654999999999995453e+01
8.645999999999995111e+01
8.654999999999995453e+01
8.645999999999995111e+01
8.657999999999995566e+01
8.650999999999996248e+01
8.648999999999996646e+01
8.656999999999996476e+01
8.657999999999996987e+01
8.651999999999996760e+01
8.657999999999996987e+01
8.658999999999997499e+01
8.661999999999997613e+01
8.660999999999997101e+01
8.659999999999996589e+01
8.666999999999995907e+01
8.652999999999995850e+01
8.670999999999996533e+01
8.674999999999997158e+01
8.668999999999996930e+01
8.671999999999997044e+01
8.675999999999997669e+01
8.686999999999997613e+01
8.683999999999997499e+01
8.689999999999997726e+01
8.696999999999997044e+01
8.686999999999997613e+01
8.689999999999997726e+01
8.698999999999998067e+01
8.696999999999998465e+01
8.696999999999998465e+01
8.685999999999998522e+01
8.694999999999998863e+01
8.689999999999999147e+01
8.690999999999999659e+01
8.701999999999999602e+01
8.703999999999999204e+01
8.707999999999999829e+01
8.714999999999999147e+01
8.721999999999998465e+01
8.709999999999998010e+01
8.709999999999998010e+01
8.714999999999997726e+01
8.707999999999998408e+01
8.714999999999997726e+01
8.703999999999997783e+01
8.711999999999997613e+01
8.708999999999997499e+01
8.702999999999997272e+01
8.717999999999997840e+01
8.720999999999997954e+01
8.711999999999997613e+01
8.708999999999997499e+01
