1.570000000000000062e+00
3.120000000000000107e+00
4.780000000000000249e+00
6.419999999999999929e+00
8.029999999999999361e+00
9.669999999999999929e+00
1.130000000000000071e+01
1.290000000000000036e+01
1.457000000000000028e+01
1.612999999999999901e+01
1.779999999999999716e+01
1.943999999999999773e+01
2.103999999999999915e+01
2.271000000000000085e+01
2.422000000000000242e+01
2.582000000000000384e+01
2.743000000000000327e+01
2.900000000000000355e+01
3.058000000000000540e+01
3.218000000000000682e+01
3.379000000000000625e+01
3.536000000000000654e+01
3.700000000000000711e+01
3.848000000000000398e+01
4.007000000000000739e+01
4.163000000000000966e+01
4.320000000000000995e+01
4.482000000000000739e+01
4.638000000000000966e+01
4.803000000000000824e+01
4.964000000000000767e+01
5.126000000000000512e+01
5.122000000000000597e+01
5.115000000000000568e+01
5.120000000000000284e+01
5.123000000000000398e+01
5.135000000000000142e+01
5.135999999999999943e+01
5.295000000000000284e+01
5.310999999999999943e+01
5.471000000000000085e+01
5.632999999999999829e+01
5.792999999999999972e+01
5.952000000000000313e+01
6.109000000000000341e+01
6.263000000000000256e+01
6.415999999999999659e+01
6.576999999999999602e+01
6.732999999999999829e+01
6.889999999999999147e+01
7.056999999999999318e+01
7.222999999999998977e+01
7.376999999999999602e+01
7.436999999999999034e+01
7.492999999999999261e+01
7.550999999999999091e+01
7.610999999999998522e+01
7.669999999999998863e+01
7.728999999999999204e+01
7.789999999999999147e+01
7.788999999999998636e+01
7.941999999999998749e+01
8.010999999999998522e+01
8.073999999999998067e+01
8.134999999999998010e+01
8.185999999999998522e+01
8.248999999999998067e+01
8.278999999999997783e+01
8.302999999999997272e+01
8.363999999999997215e+01
8.430999999999997385e+01
8.487999999999996703e+01
8.487999999999996703e+01
8.489999999999996305e+01
8.658999999999996078e+01
8.646999999999995623e+01
8.651999999999995339e+01
8.643999999999995509e+01
8.644999999999996021e+01
8.656999999999996476e+01
8.667999999999996419e+01
8.675999999999996248e+01
8.679999999999996874e+01
8.678999999999996362e+01
8.695999999999996533e+01
8.697999999999996135e+01
8.691999999999995907e+01
8.685999999999995680e+01
8.687999999999995282e+01
8.682999999999995566e+01
8.686999999999996191e+01
8.683999999999996078e+01
8.689999999999996305e+01
8.683999999999996078e+01
8.678999999999996362e+01
8.675999999999996248e+01
8.673999999999996646e+01
8.681999999999996476e+01
8.676999999999996760e+01
8.680999999999997385e+01
8.666999999999997328e+01
8.667999999999997840e+01
8.669999999999997442e+01
8.672999999999997556e+01
8.666999999999997328e+01
8.669999999999997442e+01
8.672999999999997556e+01
8.665999999999998238e+01
8.666999999999998749e+01
8.662999999999998124e+01
8.663999999999998636e+01
8.667999999999999261e+01
8.663999999999998636e+01
8.668999999999998352e+01
8.664999999999997726e+01
8.659999999999998010e+01
8.652999999999998693e+01
8.653999999999999204e+01
8.656999999999999318e+01
8.651999999999999602e+01
8.647999999999998977e+01
8.650999999999999091e+01
8.662999999999999545e+01
8.661999999999999034e+01
8.663999999999998636e+01
8.657999999999998408e+01
8.660999999999998522e+01
8.665999999999998238e+01
8.656999999999997897e+01
8.660999999999998522e+01
8.663999999999998636e+01
8.656999999999999318e+01
8.656999999999999318e+01
8.640999999999999659e+01
8.647999999999998977e+01
8.639999999999999147e+01
8.639999999999999147e+01
8.649999999999998579e+01
8.641999999999998749e+01
8.635999999999998522e+01
8.639999999999999147e+01
8.636999999999999034e+01
8.631999999999999318e+01
8.642999999999999261e+01
8.637999999999999545e+01
8.633999999999998920e+01
8.636999999999999034e+01
8.636999999999999034e+01
8.638999999999998636e+01
8.637999999999998124e+01
8.628999999999997783e+01
8.622999999999997556e+01
8.613999999999997215e+01
8.604999999999996874e+01
8.608999999999997499e+01
8.611999999999997613e+01
8.605999999999997385e+01
8.607999999999996987e+01
8.608999999999997499e+01
8.609999999999998010e+01
8.608999999999997499e+01
8.607999999999996987e+01
8.610999999999997101e+01
8.602999999999997272e+01
8.620999999999997954e+01
8.617999999999997840e+01
8.601999999999998181e+01
8.604999999999998295e+01
8.608999999999998920e+01
8.619999999999998863e+01
8.616999999999998749e+01
8.622999999999998977e+01
8.629999999999998295e+01
8.612999999999998124e+01
8.611999999999997613e+01
8.606999999999997897e+01
8.604999999999998295e+01
8.605999999999998806e+01
8.594999999999998863e+01
8.605999999999998806e+01
8.598999999999999488e+01
8.604999999999999716e+01
8.606999999999999318e+01
8.608999999999998920e+01
8.606999999999999318e+01
8.613999999999998636e+01
8.620999999999997954e+01
8.611999999999997613e+01
8.611999999999997613e+01
8.618999999999996930e+01
8.613999999999997215e+01
8.612999999999996703e+01
8.600999999999996248e+01
8.602999999999995850e+01
8.594999999999996021e+01
8.601999999999995339e+01
8.613999999999995794e+01
8.616999999999995907e+01
8.613999999999995794e+01
8.608999999999996078e+01
