1.610000000000000098e+00
3.129999999999999893e+00
4.849999999999999645e+00
6.469999999999999751e+00
8.080000000000000071e+00
9.730000000000000426e+00
1.135000000000000142e+01
1.296000000000000085e+01
1.458000000000000185e+01
1.621000000000000085e+01
1.785999999999999943e+01
1.948999999999999844e+01
2.102999999999999758e+01
2.254999999999999716e+01
2.417999999999999616e+01
2.567999999999999616e+01
2.732999999999999474e+01
2.878999999999999559e+01
3.040999999999999659e+01
3.206999999999999318e+01
3.364999999999999147e+01
3.523999999999999488e+01
3.674999999999999289e+01
3.838999999999999346e+01
3.995999999999999375e+01
4.160999999999999233e+01
4.309999999999999432e+01
4.468999999999999773e+01
4.633999999999999631e+01
4.795999999999999375e+01
4.954999999999999716e+01
5.105999999999999517e+01
5.120999999999999375e+01
5.121999999999999176e+01
5.114999999999999147e+01
5.124999999999999289e+01
5.131999999999999318e+01
5.138999999999999346e+01
5.301999999999999602e+01
5.302999999999999403e+01
5.461999999999999744e+01
5.618999999999999773e+01
5.778000000000000114e+01
5.930000000000000426e+01
6.087000000000000455e+01
6.252000000000000313e+01
6.417000000000000171e+01
6.578000000000000114e+01
6.729999999999999716e+01
6.892999999999999261e+01
7.065999999999999659e+01
7.226999999999999602e+01
7.395000000000000284e+01
7.456000000000000227e+01
7.509000000000000341e+01
7.568000000000000682e+01
7.625000000000000000e+01
7.681999999999999318e+01
7.735999999999999943e+01
7.803000000000000114e+01
7.798999999999999488e+01
7.960999999999999943e+01
8.007999999999999829e+01
8.078000000000000114e+01
8.137000000000000455e+01
8.192000000000000171e+01
8.248999999999999488e+01
8.278000000000000114e+01
8.323000000000000398e+01
8.375000000000000000e+01
8.421999999999999886e+01
8.481999999999999318e+01
8.472999999999998977e+01
8.466999999999998749e+01
8.622999999999998977e+01
8.617999999999999261e+01
8.621999999999999886e+01
8.631000000000000227e+01
8.634000000000000341e+01
8.618999999999999773e+01
8.596999999999999886e+01
8.598000000000000398e+01
8.599000000000000909e+01
8.606000000000000227e+01
8.609000000000000341e+01
8.607999999999999829e+01
8.603000000000000114e+01
8.609999999999999432e+01
8.622999999999998977e+01
8.603999999999999204e+01
8.596999999999999886e+01
8.585999999999999943e+01
8.576999999999999602e+01
8.576999999999999602e+01
8.589000000000000057e+01
8.587000000000000455e+01
8.591000000000001080e+01
8.583000000000001251e+01
8.574000000000000909e+01
8.583000000000001251e+01
8.575000000000001421e+01
8.589000000000001478e+01
8.588000000000000966e+01
8.596000000000000796e+01
8.594000000000001194e+01
8.572000000000001307e+01
8.577000000000001023e+01
8.568000000000000682e+01
8.576000000000000512e+01
8.571999999999999886e+01
8.573000000000000398e+01
8.576000000000000512e+01
8.579000000000000625e+01
8.573000000000000398e+01
8.563000000000000966e+01
8.570000000000000284e+01
8.585999999999999943e+01
8.581000000000000227e+01
8.582000000000000739e+01
8.585000000000000853e+01
8.576000000000000512e+01
8.582000000000000739e+01
8.581000000000000227e+01
8.590999999999999659e+01
8.584000000000000341e+01
8.575000000000000000e+01
8.576999999999999602e+01
8.579999999999999716e+01
8.578999999999999204e+01
8.581999999999999318e+01
8.577999999999998693e+01
8.581999999999999318e+01
8.577999999999998693e+01
8.566999999999998749e+01
8.570999999999999375e+01
8.573999999999999488e+01
8.582999999999999829e+01
8.576999999999999602e+01
8.578000000000000114e+01
8.585999999999999943e+01
8.581000000000000227e+01
8.598000000000000398e+01
8.604000000000000625e+01
8.603000000000000114e+01
8.593999999999999773e+01
8.593999999999999773e+01
8.606000000000000227e+01
8.607000000000000739e+01
8.614000000000000057e+01
8.628000000000000114e+01
8.617000000000000171e+01
8.607999999999999829e+01
8.600000000000000000e+01
8.598999999999999488e+01
8.603000000000000114e+01
8.607999999999999829e+01
8.603999999999999204e+01
8.607999999999999829e+01
8.601000000000000512e+01
8.606000000000000227e+01
8.600000000000000000e+01
8.623000000000000398e+01
8.624000000000000909e+01
8.614000000000001478e+01
8.631000000000001648e+01
8.620000000000001705e+01
8.627000000000001023e+01
8.626000000000000512e+01
8.626000000000000512e+01
8.627000000000001023e+01
8.619000000000001194e+01
8.607000000000000739e+01
8.619000000000001194e+01
8.612000000000001876e+01
8.611000000000001364e+01
8.603000000000001535e+01
8.613000000000000966e+01
8.603000000000001535e+01
8.592000000000001592e+01
8.600000000000001421e+01
8.598000000000001819e+01
8.601000000000001933e+01
8.606000000000001648e+01
8.608000000000001251e+01
8.606000000000001648e+01
8.610000000000002274e+01
8.616000000000002501e+01
8.614000000000002899e+01
8.609000000000003183e+01
8.593000000000003524e+01
8.589000000000002899e+01
8.587000000000003297e+01
8.588000000000003809e+01
8.582000000000003581e+01
8.596000000000003638e+01
8.582000000000003581e+01
8.593000000000003524e+01
8.596000000000003638e+01
8.595000000000003126e+01
8.592000000000003013e+01
