1.570000000000000062e+00
3.120000000000000107e+00
4.780000000000000249e+00
6.419999999999999929e+00
8.029999999999999361e+00
9.669999999999999929e+00
1.130000000000000071e+01
1.290000000000000036e+01
1.457000000000000028e+01
1.612999999999999901e+01
1.779999999999999716e+01
1.943999999999999773e+01
2.103999999999999915e+01
2.271000000000000085e+01
2.422000000000000242e+01
2.582000000000000384e+01
2.743000000000000327e+01
2.900000000000000355e+01
3.058000000000000540e+01
3.218000000000000682e+01
3.379000000000000625e+01
3.536000000000000654e+01
3.700000000000000711e+01
3.848000000000000398e+01
4.007000000000000739e+01
4.163000000000000966e+01
4.320000000000000995e+01
4.482000000000000739e+01
4.638000000000000966e+01
4.803000000000000824e+01
4.964000000000000767e+01
5.126000000000000512e+01
5.286000000000000654e+01
5.439000000000000767e+01
5.606000000000000938e+01
5.775000000000000711e+01
5.942000000000000881e+01
6.100000000000000711e+01
6.259000000000001052e+01
6.427000000000001023e+01
6.587000000000000455e+01
6.649000000000000909e+01
6.809000000000000341e+01
6.868000000000000682e+01
7.025000000000000000e+01
7.179000000000000625e+01
7.332000000000000739e+01
7.393000000000000682e+01
7.449000000000000909e+01
7.606000000000000227e+01
7.673000000000000398e+01
7.677000000000001023e+01
7.831000000000001648e+01
7.830000000000001137e+01
7.886000000000001364e+01
7.894000000000001194e+01
7.954000000000000625e+01
7.948000000000000398e+01
8.007000000000000739e+01
8.013000000000000966e+01
8.077000000000001023e+01
8.081000000000001648e+01
8.119000000000001194e+01
8.182000000000000739e+01
8.186000000000001364e+01
8.237000000000001876e+01
8.236000000000001364e+01
8.285000000000000853e+01
8.287000000000000455e+01
8.348000000000000398e+01
8.376000000000000512e+01
8.432999999999999829e+01
8.485999999999999943e+01
8.487999999999999545e+01
8.493999999999999773e+01
8.646999999999999886e+01
8.645999999999999375e+01
8.642999999999999261e+01
8.631999999999999318e+01
8.643999999999999773e+01
8.650000000000000000e+01
8.651000000000000512e+01
8.645000000000000284e+01
8.649000000000000909e+01
8.658000000000001251e+01
8.662000000000001876e+01
8.653000000000001535e+01
8.646000000000002217e+01
8.648000000000001819e+01
8.641000000000002501e+01
8.641000000000002501e+01
8.636000000000002785e+01
8.642000000000003013e+01
8.633000000000002672e+01
8.639000000000002899e+01
8.628000000000002956e+01
8.616000000000002501e+01
8.616000000000002501e+01
8.615000000000001990e+01
8.614000000000001478e+01
8.608000000000001251e+01
8.606000000000001648e+01
8.597000000000001307e+01
8.598000000000001819e+01
8.606000000000001648e+01
8.609000000000001762e+01
8.612000000000001876e+01
8.600000000000001421e+01
8.599000000000000909e+01
8.597000000000001307e+01
8.591000000000001080e+01
8.585000000000000853e+01
8.583000000000001251e+01
8.588000000000000966e+01
8.598000000000000398e+01
8.607000000000000739e+01
8.610000000000000853e+01
8.601000000000000512e+01
8.612000000000000455e+01
8.605000000000001137e+01
8.607000000000000739e+01
8.606000000000000227e+01
8.606000000000000227e+01
8.595000000000000284e+01
8.596999999999999886e+01
8.590000000000000568e+01
8.593000000000000682e+01
8.588000000000000966e+01
8.573000000000000398e+01
8.575000000000000000e+01
8.568999999999999773e+01
8.562000000000000455e+01
8.559000000000000341e+01
8.543999999999999773e+01
8.556999999999999318e+01
8.556999999999999318e+01
8.556999999999999318e+01
8.566999999999998749e+01
8.562999999999998124e+01
8.556999999999997897e+01
8.548999999999998067e+01
8.540999999999998238e+01
8.535999999999998522e+01
8.546999999999998465e+01
8.540999999999998238e+01
8.536999999999997613e+01
8.543999999999996930e+01
8.533999999999997499e+01
8.524999999999997158e+01
8.533999999999997499e+01
8.516999999999997328e+01
8.523999999999996646e+01
8.514999999999996305e+01
8.509999999999996589e+01
8.516999999999995907e+01
8.517999999999996419e+01
8.511999999999996191e+01
8.519999999999996021e+01
8.520999999999996533e+01
8.523999999999996646e+01
8.522999999999996135e+01
8.521999999999995623e+01
8.528999999999994941e+01
8.526999999999995339e+01
8.534999999999995168e+01
8.538999999999995794e+01
8.522999999999996135e+01
8.530999999999995964e+01
8.544999999999996021e+01
8.551999999999995339e+01
8.551999999999995339e+01
8.552999999999995850e+01
8.555999999999995964e+01
8.556999999999996476e+01
8.555999999999995964e+01
8.564999999999996305e+01
8.562999999999996703e+01
8.565999999999996817e+01
8.554999999999996874e+01
8.563999999999997215e+01
8.556999999999997897e+01
8.562999999999998124e+01
8.564999999999997726e+01
8.566999999999997328e+01
8.571999999999997044e+01
8.578999999999996362e+01
8.585999999999995680e+01
8.576999999999995339e+01
8.567999999999994998e+01
8.572999999999994714e+01
8.567999999999994998e+01
8.555999999999994543e+01
8.547999999999994714e+01
8.549999999999994316e+01
8.546999999999994202e+01
8.540999999999993975e+01
8.552999999999994429e+01
8.548999999999993804e+01
8.539999999999993463e+01
8.534999999999993747e+01
